# Created by Octave 6.4.0, Tue May 21 23:58:13 2024 EEST <valeogre@l37>
# name: _sig2_reverb
# type: scalar
0


