# Created by Octave 6.4.0, Tue May 21 23:58:06 2024 EEST <valeogre@l37>
# name: _S
# type: scalar
0


# name: _f
# type: scalar
0


# name: _t
# type: scalar
0


