# Created by Octave 6.4.0, Wed May 22 22:01:29 2024 EEST <valeogre@l37>
# name: _sig3_rev_low
# type: scalar
0


