# Created by Octave 7.3.0, Sun May 05 02:26:45 2024 GMT <unknown@GRIZZLLY-LAPTOP>
# name: freq
# type: scalar
220


# name: fs
# type: scalar
44100


# name: duration
# type: scalar
0.5


# name: attack
# type: scalar
0


# name: decay
# type: scalar
0.01


# name: sustain
# type: scalar
0


# name: release
# type: scalar
0


