# Created by Octave 7.3.0, Sun May 05 02:26:45 2024 GMT <unknown@GRIZZLLY-LAPTOP>
# name: osc
# type: matrix
# rows: 22050
# columns: 1
 0
 0.031268329957311158
 0.0623635590688403
 0.093255348950837799
 0.12391370075185058
 0.1543089842804912
 0.18441196663415443
 0.21419384030102837
 0.24362625070839719
 0.27268132319091282
 0.3013316893532117
 0.32955051280198278
 0.35731151422334123
 0.38458899578213646
 0.41135786482061631
 0.43759365683468682
 0.46327255770683962
 0.48837142517567556
 0.51286780952282429
 0.53673997345894875
 0.55996691119142983
 0.58252836665724472
 0.60440485090548834
 0.62557765861493542
 0.64602888373299661
 0.66574143422339405
 0.68469904591086339
 0.70288629541217451
 0.72028861214376028
 0.73689228939724749
 0.75268449447519059
 0.76765327788032134
 0.78178758155264494
 0.79507724614973174
 0.80751301736657066
 0.81908655129237451
 0.82979041880274051
 0.83961810898659273
 0.84856403160834004
 0.85662351860669839
 0.8637928246326243
 0.87006912662981273
 0.87545052246219379
 0.87993602859385212
 0.88352557682776267
 0.88622001011069962
 0.88802107741262759
 0.88893142768982181
 0.88895460294189066
 0.88809503037378745
 0.88635801367478928
 0.88374972342731073
 0.88027718665927424
 0.87594827555460986
 0.87077169533728793
 0.86475697134508767
 0.85791443531010181
 0.85025521086373734
 0.84179119828472371
 0.83253505850935772
 0.82250019642391781
 0.8117007434598571
 0.80015153951303231
 0.7878681142088565
 0.77486666753586586
 0.76116404987075992
 0.74677774141853115
 0.73172583109181499
 0.71602699485408949
 0.69970047355181719
 0.68276605026106107
 0.66524402717451392
 0.64715520205526011
 0.62852084428394217
 0.60936267052631954
 0.58970282004850183
 0.56956382970740038
 0.54896860864416541
 0.52794041270858638
 0.5065028186425915
 0.48467969805112993
 0.46249519118882187
 0.43997368059084419
 0.41713976457656365
 0.39401823065444247
 0.3706340288567353
 0.34701224503244155
 0.32317807412691457
 0.29915679347640983
 0.27497373614573239
 0.2506542643369708
 0.22622374289711997
 0.2017075129521621
 0.17713086569493031
 0.15251901635380799
 0.12789707836898837
 0.10329003780270558
 0.078722728009479909
 0.054219804592024502
 0.029805720668058783
 0.0055047024728251404
 -0.018659274678349814
 -0.042662510043608159
 -0.066481600700886712
 -0.090093464364219694
 -0.11347536174776954
 -0.13660491845592798
 -0.15946014637842287
 -0.18201946456997875
 -0.20426171959474126
 -0.22616620531631215
 -0.24771268211492575
 -0.26888139551399926
 -0.28965309419898677
 -0.31000904741220381
 -0.32993106170801817
 -0.3494014970535716
 -0.36840328226095043
 -0.38691992973751177
 -0.40493554954185645
 -0.42243486273374736
 -0.43940321400707855
 -0.45582658359581363
 -0.47169159844365477
 -0.4869855426290195
 -0.50169636703774889
 -0.51581269827682052
 -0.52932384682317302
 -0.54221981440261624
 -0.55449130059463791
 -0.56612970865978629
 -0.57712715058714781
 -0.58747645136030768
 -0.59717115244101715
 -0.60620551447064963
 -0.61457451919037498
 -0.62227387058181338
 -0.62929999523077196
 -0.63565004191749752
 -0.64132188043769955
 -0.64631409965940811
 -0.65062600482154309
 -0.65425761408086625
 -0.65720965431476785
 -0.65948355618811683
 -0.66108144849317163
 -0.66200615177228317
 -0.66226117123387307
 -0.66185068897287958
 -0.66077955550757617
 -0.65905328064535174
 -0.65667802369072203
 -0.65366058300949281
 -0.65000838496363245
 -0.64572947223203625
 -0.64083249153296307
 -0.63532668076450316
 -0.62922185557999843
 -0.62252839541587957
 -0.61525722898989643
 -0.60741981928821698
 -0.59902814806034888
 -0.5900946998412806
 -0.58063244552067239
 -0.57065482547933721
 -0.56017573231361661
 -0.5492094931686341
 -0.53777085170172012
 -0.52587494969762794
 -0.51353730835742906
 -0.50077380928323745
 -0.4876006751811483
 -0.47403445030497737
 -0.46009198066356305
 -0.44579039401456239
 -0.43114707966778493
 -0.41617966812121415
 -0.40090601055295577
 -0.38534415819237605
 -0.36951234159375251
 -0.35342894983571832
 -0.33711250966979367
 -0.32058166464121013
 -0.30385515420518405
 -0.28695179286166783
 -0.26989044933149431
 -0.25269002579667654
 -0.23536943722742604
 -0.21794759081828327
 -0.20044336555549289
 -0.18287559193753786
 -0.16526303187043956
 -0.1476243587591736
 -0.12997813781618714
 -0.11234280660770674
 -0.094736655858124602
 -0.077177810532399679
 -0.0596842112159768
 -0.042273595811324179
 -0.024963481569740494
 -0.0077711474766015958
 0.0092863829922303787
 0.026192358725649251
 0.042930317427494757
 0.059484101645551138
 0.075837874363732322
 0.091976134142430541
 0.10788372979254227
 0.12354587456932548
 0.1389481598728004
 0.15407656844206402
 0.16891748703148413
 0.18345771855741169
 0.19768449370466651
 0.21158548198274144
 0.225148802222323
 0.23836303250339788
 0.251217219506918
 0.26370088728265784
 0.2758040454266264
 0.28751719666205666
 0.29883134381873999
 0.30973799620614079
 0.32022917537646661
 0.33029742027455344
 0.33993579177215788
 0.34913787658494161
 0.3578977905711479
 0.36621018141168754
 0.37407023067203515
 0.38147365524706189
 0.3884167081906047
 0.39489617893228857
 0.40090939288477678
 0.40645421044533814
 0.41152902539625413
 0.41613276270929123
 0.42026487576008997
 0.42392534295899031
 0.42711466380543367
 0.42983385437372118
 0.43208444223850928
 0.4338684608490383
 0.43518844336167078
 0.4360474159408928
 0.43644889053950137
 0.43639685716923615
 0.43589577567365945
 0.43495056701559204
 0.43356660409192477
 0.43174970208909969
 0.42950610839302755
 0.42684249206765257
 0.42376593291680897
 0.42028391014442329
 0.41640429062851148
 0.41213531682479004
 0.40748559431607784
 0.40246407902399461
 0.39708006409977975
 0.39134316651134277
 0.38526331334393221
 0.37885072783205559
 0.37211591514051762
 0.3650696479126449
 0.35772295160395395
 0.35008708961968338
 0.34217354827475105
 0.33399402159481345
 0.32556039597721037
 0.31688473473064205
 0.30797926251248642
 0.2988563496826902
 0.2895284965931782
 0.28000831783171104
 0.27030852643908038
 0.26044191811848472
 0.2504213554558346
 0.24025975216964909
 0.22997005740906315
 0.21956524011835521
 0.20905827348619296
 0.19846211949765544
 0.18778971360685265
 0.17705394954775092
 0.16626766430056403
 0.15544362323080288
 0.14459450541779764
 0.13373288918918963
 0.12287123787759038
 0.11202188581524367
 0.10119702458218803
 0.090408689523021793
 0.079668746547019706
 0.068988879225892794
 0.058380576203112558
 0.047855118928249979
 0.037423569729343922
 0.027096760235850385
 0.01688528016423
 0.0067994664777776678
 -0.0031506070682556235
 -0.012955139985660039
 -0.022604614706354637
 -0.032089805820049881
 -0.041401788887532993
 -0.050531948821140753
 -0.059471987824594418
 -0.068213932884888376
 -0.07675014280953317
 -0.085073314803017219
 -0.093176490576937943
 -0.10105306198885548
 -0.10869677620548567
 -0.11610174038648929
 -0.12326242588566981
 -0.13017367196702365
 -0.1368306890336709
 -0.14322906136831065
 -0.14936474938442998
 -0.15523409138811162
 -0.16083380485087495
 -0.16616098719458383
 -0.17121311609004561
 -0.17598804927152059
 -0.18048402386993573
 -0.18469965526817919
 -0.18863393548243548
 -0.19228623107406662
 -0.19565628059712187
 -0.19874419158709952
 -0.20155043709713297
 -0.20407585178829821
 -0.20632162758127204
 -0.20828930887707731
 -0.20998078735515577
 -0.21139829635749788
 -0.21254440486804052
 -0.21342201109700315
 -0.21403433568029073
 -0.21438491450452837
 -0.21447759116871543
 -0.21431650909389965
 -0.21390610329266285
 -0.21325109181059351
 -0.21235646685227849
 -0.21122748560469853
 -0.20986966077123989
 -0.20828875082984491
 -0.20649075002912473
 -0.20448187813653057
 -0.20226856995294223
 -0.19985746460827189
 -0.19725539465290648
 -0.19446937496001276
 -0.19150659145391685
 -0.18837438967993428
 -0.18508026323117344
 -0.18163184204796218
 -0.1780368806056549
 -0.17430324600666552
 -0.170438905992638
 -0.16645191689271668
 -0.16235041152390658
 -0.15814258705951917
 -0.15383669288169463
 -0.14944101843395222
