# Created by Octave 6.4.0, Fri May 24 19:24:17 2024 EEST <valeogre@l37>
# name: _sig2_lowpass
# type: scalar
0


