# Created by Octave 6.4.0, Wed May 22 22:01:26 2024 EEST <valeogre@l37>
# name: _sig2_lowpass
# type: scalar
0


