# Created by Octave 6.4.0, Fri May 24 19:24:18 2024 EEST <valeogre@l37>
# name: _sig3_low
# type: scalar
0


