# Created by Octave 6.4.0, Wed May 22 22:01:28 2024 EEST <valeogre@l37>
# name: _sig3_low
# type: scalar
0


