# Created by Octave 6.4.0, Tue May 21 23:58:11 2024 EEST <valeogre@l37>
# name: _sig3_low
# type: scalar
0


