# Created by Octave 6.4.0, Sat May 25 21:31:16 2024 EEST <valeogre@l37>
# name: _osc
# type: scalar
0


