# Created by Octave 6.4.0, Fri May 24 19:51:56 2024 EEST <valeogre@l37>
# name: _osc
# type: scalar
0


