# Created by Octave 6.4.0, Fri May 24 22:35:43 2024 EEST <valeogre@l37>
# name: _osc
# type: scalar
0


