# Created by Octave 6.4.0, Wed May 22 22:01:25 2024 EEST <valeogre@l37>
# name: _osc
# type: scalar
0


