# Created by Octave 6.4.0, Wed May 22 22:01:23 2024 EEST <valeogre@l37>
# name: _S
# type: scalar
0


# name: _f
# type: scalar
0


# name: _t
# type: scalar
0


