# Created by Octave 6.4.0, Wed May 22 22:01:33 2024 EEST <valeogre@l37>
# name: _sig3_low_rev
# type: scalar
0


