# Created by Octave 8.4.0, Fri May 03 02:46:46 2024 GMT <unknown@DESKTOP-VCBVPPC>
# name: mat
# type: matrix
# rows: 7
# columns: 5
 0 2 0 8 0
 0 0 10 0 0
 0 9 0 0 4
 0 0 0 0 6
 1 2 1 5 0
 4 0 9 0 0
 8 0 0 0 0


