# Created by Octave 8.4.0, Fri May 03 10:55:55 2024 GMT <unknown@DESKTOP-VCBVPPC>
# name: recoms
# type: matrix
# rows: 1
# columns: 200
 170 454 33 458 342 452 321 257 304 386 150 275 144 320 476 406 449 89 241 189 285 3 302 199 245 467 238 484 497 380 122 448 465 393 278 7 403 271 173 300 152 107 295 323 324 78 329 54 247 349 37 187 131 419 137 142 4 274 491 335 389 410 125 39 269 188 417 404 133 277 376 474 93 35 255 119 337 126 182 248 102 425 157 148 254 361 233 6 385 186 13 163 80 97 398 334 318 23 65 29 358 379 208 197 225 58 315 446 229 75 183 111 244 348 179 284 478 205 332 479 477 434 22 47 227 201 139 357 56 499 312 43 316 460 256 129 16 185 172 283 81 103 18 325 414 420 73 2 57 130 210 253 388 31 270 116 202 374 14 355 387 176 395 313 339 50 369 411 63 193 70 79 40 288 402 230 12 36 100 128 310 338 8 430 378 303 346 136 394 113 134 280 236 490 27 46 259 400 62 42


