# Created by Octave 8.4.0, Fri May 03 10:47:30 2024 GMT <unknown@DESKTOP-VCBVPPC>
# name: recoms
# type: matrix
# rows: 1
# columns: 2
 1 4


