# Created by Octave 8.4.0, Fri May 03 10:51:14 2024 GMT <unknown@DESKTOP-VCBVPPC>
# name: recoms
# type: scalar
5


