# Created by Octave 8.4.0, Fri May 03 10:54:03 2024 GMT <unknown@DESKTOP-VCBVPPC>
# name: recoms
# type: matrix
# rows: 1
# columns: 10
 223 195 218 400 43 6 5 8 406 435


