# Created by Octave 6.4.0, Wed May 22 22:01:31 2024 EEST <valeogre@l37>
# name: _sig3_rev
# type: scalar
0


