# Created by Octave 6.4.0, Sat May 25 20:53:29 2024 EEST <valeogre@l37>
# name: _osc
# type: scalar
0


