# Created by Octave 6.4.0, Tue May 21 23:58:08 2024 EEST <valeogre@l37>
# name: _osc
# type: scalar
0


