# Created by Octave 6.4.0, Sat May 25 17:23:48 2024 EEST <valeogre@l37>
# name: _osc
# type: scalar
0


